%% Lab 3: Multi-factor CAPM modelling and analysis
% Data Entry - Same data as for Lab 2
% You can use Home --> Import Data for this, or
% if you saved your data as suggested in the lab 2 code, use "load Lab2.mat"
% This time I just copied and pasted the monthly data from Lab 2 into
% Matlab again using the variable names 'FFmat' and 'indmat', i.e.

FFmat = [192607    2.62   -2.16   -2.92    0.22
192608    2.56   -1.49    4.88    0.25
192609    0.36   -1.38   -0.01    0.23
192610   -3.43    0.04    0.71    0.32
192611    2.44   -0.24   -0.31    0.31
192612    2.77   -0.01   -0.10    0.28
192701   -0.11   -0.30    4.79    0.25
192702    4.32   -0.24    3.35    0.26
192703    0.32   -1.87   -2.58    0.30
192704    0.41    0.29    0.95    0.25
192705    5.39    1.53    5.07    0.30
192706   -2.30    0.65   -2.04    0.26
192707    7.27   -3.54   -0.86    0.30
192708    2.42   -0.75   -4.14    0.28
192709    4.69   -3.44   -1.08    0.21
192710   -4.44    2.04   -4.45    0.25
192711    6.66    2.56   -0.02    0.21
192712    2.15    1.06   -0.73    0.22
192801   -0.60    4.40   -1.32    0.25
192802   -1.77   -1.96   -0.63    0.33
192803    8.80   -0.24   -1.41    0.29
192804    4.10    4.08    3.42    0.22
192805    1.52    3.06   -3.70    0.32
192806   -4.84   -3.59    0.07    0.31
192807    0.69   -1.63   -0.07    0.32
192808    6.64   -2.14   -2.12    0.32
192809    2.87    1.77    1.35    0.27
192810    1.47    2.71   -2.63    0.41
192811   11.75   -2.20    3.30    0.38
192812    0.47   -1.09   -0.02    0.06
192901    4.87   -2.80   -1.75    0.34
192902   -0.38    0.87    0.94    0.36
192903   -1.14   -4.36    1.00    0.34
192904    1.32   -0.82    0.46    0.36
192905   -6.35   -7.09    0.71    0.44
192906    9.45   -1.74   -2.48    0.52
192907    4.20   -4.38    1.99    0.33
192908    8.16   -8.79   -0.49    0.40
192909   -5.35    1.42   -1.12    0.35
192910  -20.01   -3.77    8.95    0.46
192911  -12.70   -2.20    4.70    0.37
192912    1.43   -4.63    0.25    0.37
193001    5.52    4.46   -2.29    0.14
193002    2.47    0.70   -0.55    0.30
193003    7.15    3.71    0.37    0.35
193004   -2.30   -0.67   -1.96    0.21
193005   -1.59   -1.78   -1.57    0.26
193006  -16.06   -3.33    2.11    0.27
193007    3.77    0.56   -2.54    0.20
193008    0.32   -2.13   -0.88    0.09
193009  -12.62   -2.17   -4.45    0.22
193010   -8.79   -1.02   -0.61    0.09
193011   -2.73    2.23   -2.90    0.13
193012   -7.98   -4.97   -5.01    0.14
193101    6.10    3.79    7.56    0.15
193102   10.90    2.71    2.22    0.04
193103   -6.53    2.80   -3.08    0.13
193104   -9.93   -4.87   -3.39    0.08
193105  -13.38    5.85   -6.31    0.09
193106   13.72   -5.66   10.58    0.08
193107   -6.56    1.82   -3.76    0.06
193108    0.20   -1.14   -2.47    0.03
193109  -29.04    0.09   -6.65    0.03
193110    7.82   -1.47    0.45    0.10
193111   -9.05    5.19   -6.05    0.17
193112  -13.46   -0.52   -8.96    0.12
193201   -1.31    3.77   10.69    0.23
193202    5.37   -1.33   -5.12    0.23
193203  -11.03    1.73   -1.00    0.16
193204  -18.03    1.73   -0.91    0.11
193205  -20.81    4.48   -4.03    0.06
193206   -0.53   -0.49    5.49    0.02
193207   33.72   -5.95   35.48    0.03
193208   36.57   19.24   27.74    0.03
193209   -3.12   -2.45   -6.41    0.03
193210  -13.14   -2.63   -9.98    0.02
193211   -5.59    1.40  -12.26    0.02
193212    4.57   -9.72   -6.92    0.01
193301    0.97   -1.02    8.25    0.01
193302  -15.00   -3.26   -2.90   -0.03
193303    3.36    4.90    6.98    0.04
193304   38.27    5.69   18.34    0.10
193305   21.15   39.04   15.19    0.04
193306   13.42    8.46   -2.72    0.02
193307   -9.63   -0.41    0.59    0.02
193308   12.10   -5.78    3.78    0.03
193309  -10.49    0.25  -13.45    0.02
193310   -8.33    0.40   -8.55    0.01
193311    9.97   -6.85    2.10    0.02
193312    1.98    0.67   -1.41    0.02
193401   12.93   11.17   16.42    0.05
193402   -2.35    5.09    2.51    0.02
193403    0.46    2.64   -3.63    0.02
193404   -1.80    3.36   -5.02    0.01
193405   -7.11    0.18   -7.12    0.01
193406    2.51   -2.38   -2.20    0.01
193407  -10.83   -6.42  -12.06    0.01
193408    5.95    4.59    1.86    0.01
193409   -0.31   -1.51   -0.32    0.01
193410   -1.94    1.26   -4.63    0.01
193411    8.40    7.56   -4.26    0.01
193412    0.38    2.94   -3.29    0.01
193501   -3.29    1.09   -2.22    0.01
193502   -1.88    0.50   -7.16    0.02
193503   -3.71   -3.77   -4.82    0.01
193504    8.91   -2.09    5.09    0.01
193505    3.47   -3.91    1.89    0.01
193506    5.52   -5.54    4.27    0.01
193507    7.35    2.97    4.99    0.01
193508    2.60    7.52    5.14    0.01
193509    2.58    0.59   -4.83    0.01
193510    7.12    2.30   -0.43    0.01
193511    5.17    5.66   10.53    0.02
193512    4.60    0.96    0.27    0.01
193601    6.60    6.43   10.09    0.01
193602    2.56    0.77    3.98    0.01
193603    0.92    1.10   -2.23    0.02
193604   -8.07   -6.81   -2.18    0.02
193605    5.01    0.81    2.69    0.02
193606    2.57   -3.20   -0.97    0.03
193607    6.45    1.12    1.35    0.01
193608    1.06   -0.09    3.84    0.02
193609    1.42    3.12   -0.32    0.01
193610    6.89   -2.19    1.61    0.02
193611    3.32    8.34   -1.01    0.01
193612    0.21    3.67    4.96    0.00
193701    3.24    4.21    3.22    0.01
193702    1.28    0.63    5.94    0.02
193703   -0.36   -2.15    7.05    0.01
193704   -7.45   -3.40   -4.91    0.03
193705   -0.92   -0.74   -3.17    0.06
193706   -4.19   -3.05   -3.56    0.03
193707    8.86    1.17    0.15    0.03
193708   -4.88    0.51   -1.99    0.02
193709  -13.58   -6.76   -4.54    0.04
193710   -9.49    0.51   -1.53    0.02
193711   -8.39   -3.24    0.22    0.02
193712   -4.01   -7.80   -0.85    0.00
193801    0.76    5.19   -2.22    0.00
193802    5.79    0.60   -1.96    0.00
193803  -23.70   -3.56   -4.41   -0.01
193804   14.55    6.58   -0.35    0.01
193805   -3.92   -2.38   -0.42    0.00
193806   23.61    3.53    2.11    0.00
193807    7.20    6.72    0.78   -0.01
193808   -2.72   -2.46   -4.26    0.00
193809    0.84   -2.53   -1.26    0.02
193810    7.77    6.62    3.98    0.01
193811   -1.77   -2.42   -0.76   -0.06
193812    4.10   -1.85    0.77    0.00
193901   -5.95   -1.43   -3.52   -0.01
193902    3.48    0.31    3.23    0.01
193903  -11.91   -5.41   -8.31   -0.01
193904   -0.23    1.97    0.29    0.00
193905    6.86    3.87   -0.08    0.01
193906   -5.29   -1.68   -5.54    0.01
193907   10.18    4.62    0.55    0.00
193908   -6.60   -4.50   -2.99   -0.01
193909   15.95   18.77   23.27    0.01
193910   -0.38    0.26   -4.66    0.00
193911   -3.68   -4.43   -6.54    0.00
193912    3.03    0.67   -3.84    0.00
194001   -2.40    0.21   -0.75    0.00
194002    1.37    2.32   -0.44    0.00
194003    1.89    1.63   -1.12    0.00
194004    0.12    3.57   -0.28    0.00
194005  -22.01   -6.21   -4.04   -0.02
194006    6.67   -2.34    4.80    0.00
194007    3.21    0.87   -0.57    0.01
194008    2.41    0.19    0.47   -0.01
194009    2.30    3.39   -1.70    0.00
194010    2.97   -0.17    5.43    0.00
194011   -1.63    2.06    0.49    0.00
194012    0.68   -2.41   -1.31    0.00
194101   -4.04    0.85    3.22   -0.01
194102   -1.47   -1.21    1.05   -0.01
194103    0.95    0.12    2.95    0.01
194104   -5.30   -1.69    3.43   -0.01
194105    1.39   -0.83    0.52    0.00
194106    5.87    1.47    0.66    0.00
194107    5.92    5.74    7.25    0.03
194108   -0.06   -0.16   -1.20    0.01
194109   -0.76   -1.43    0.28    0.01
194110   -5.18   -2.10    1.31    0.00
194111   -1.94   -1.05   -0.64    0.00
194112   -4.68   -3.33   -5.04    0.01
194201    0.70    7.51    9.93    0.02
194202   -2.42    1.69   -1.06    0.01
194203   -6.58    2.29   -1.22    0.01
194204   -4.32   -1.03    1.87    0.01
