{
 "cells": [
  {
   "cell_type": "code",
   "execution_count": 1,
   "metadata": {},
   "outputs": [
    {
     "data": {
      "text/html": [
       "<div>\n",
       "<style scoped>\n",
       "    .dataframe tbody tr th:only-of-type {\n",
       "        vertical-align: middle;\n",
       "    }\n",
       "\n",
       "    .dataframe tbody tr th {\n",
       "        vertical-align: top;\n",
       "    }\n",
       "\n",
       "    .dataframe thead th {\n",
       "        text-align: right;\n",
       "    }\n",
       "</style>\n",
       "<table border=\"1\" class=\"dataframe\">\n",
       "  <thead>\n",
       "    <tr style=\"text-align: right;\">\n",
       "      <th></th>\n",
       "      <th>Train_ID</th>\n",
       "      <th>SALARY</th>\n",
       "      <th>Age</th>\n",
       "      <th>Games</th>\n",
       "      <th>Minutes</th>\n",
       "      <th>PER</th>\n",
       "      <th>TS</th>\n",
       "      <th>ORB</th>\n",
       "      <th>DRB</th>\n",
       "      <th>TRB</th>\n",
       "      <th>AST</th>\n",
       "      <th>STL</th>\n",
       "      <th>BLK</th>\n",
       "      <th>TOV</th>\n",
       "      <th>USG</th>\n",
       "      <th>ORtg</th>\n",
       "      <th>DRtg</th>\n",
       "      <th>OWS</th>\n",
       "      <th>DWS</th>\n",
       "      <th>WS</th>\n",
       "    </tr>\n",
       "  </thead>\n",
       "  <tbody>\n",
       "    <tr>\n",
       "      <th>Train_ID</th>\n",
       "      <td>1.000000</td>\n",
       "      <td>0.015614</td>\n",
       "      <td>-0.052276</td>\n",
       "      <td>-0.107212</td>\n",
       "      <td>-0.105153</td>\n",
       "      <td>-0.105587</td>\n",
       "      <td>0.027501</td>\n",
       "      <td>-0.064495</td>\n",
       "      <td>-0.048178</td>\n",
       "      <td>-0.057413</td>\n",
       "      <td>0.114556</td>\n",
       "      <td>0.069700</td>\n",
       "      <td>0.051730</td>\n",
       "      <td>0.234234</td>\n",
       "      <td>-0.162543</td>\n",
       "      <td>-0.015822</td>\n",
       "      <td>0.004529</td>\n",
       "      <td>-0.074750</td>\n",
       "      <td>-0.086257</td>\n",
       "      <td>-0.091967</td>\n",
       "    </tr>\n",
       "    <tr>\n",
       "      <th>SALARY</th>\n",
       "      <td>0.015614</td>\n",
       "      <td>1.000000</td>\n",
       "      <td>0.047127</td>\n",
       "      <td>0.178519</td>\n",
       "      <td>0.611797</td>\n",
       "      <td>0.673514</td>\n",
       "      <td>0.215776</td>\n",
       "      <td>-0.051990</td>\n",
       "      <td>0.170403</td>\n",
       "      <td>0.092445</td>\n",
       "      <td>0.318344</td>\n",
       "      <td>0.181816</td>\n",
       "      <td>-0.045161</td>\n",
       "      <td>-0.114701</td>\n",
       "      <td>0.623007</td>\n",
       "      <td>0.253838</td>\n",
       "      <td>-0.266395</td>\n",
       "      <td>0.595754</td>\n",
       "      <td>0.620679</td>\n",
       "      <td>0.673790</td>\n",
       "    </tr>\n",
       "    <tr>\n",
       "      <th>Age</th>\n",
       "      <td>-0.052276</td>\n",
       "      <td>0.047127</td>\n",
       "      <td>1.000000</td>\n",
       "      <td>-0.116049</td>\n",
       "      <td>-0.008495</td>\n",
       "      <td>0.096833</td>\n",
       "      <td>0.225454</td>\n",
       "      <td>-0.074907</td>\n",
       "      <td>0.052825</td>\n",
       "      <td>0.007839</td>\n",
       "      <td>0.077936</td>\n",
       "      <td>-0.014072</td>\n",
       "      <td>-0.031766</td>\n",
       "      <td>0.063663</td>\n",
       "      <td>0.027000</td>\n",
       "      <td>0.165410</td>\n",
       "      <td>-0.115971</td>\n",
       "      <td>0.044261</td>\n",
       "      <td>0.078238</td>\n",
       "      <td>0.060636</td>\n",
       "    </tr>\n",
       "    <tr>\n",
       "      <th>Games</th>\n",
       "      <td>-0.107212</td>\n",
       "      <td>0.178519</td>\n",
       "      <td>-0.116049</td>\n",
       "      <td>1.000000</td>\n",
       "      <td>0.693423</td>\n",
       "      <td>0.193910</td>\n",
       "      <td>0.203294</td>\n",
       "      <td>-0.023049</td>\n",
       "      <td>-0.063902</td>\n",
       "      <td>-0.050916</td>\n",
       "      <td>0.029495</td>\n",
       "      <td>-0.034163</td>\n",
       "      <td>-0.085214</td>\n",
       "      <td>-0.185097</td>\n",
       "      <td>0.116897</td>\n",
       "      <td>0.270409</td>\n",
       "      <td>-0.102491</td>\n",
       "      <td>0.377999</td>\n",
       "      <td>0.482495</td>\n",
       "      <td>0.461121</td>\n",
       "    </tr>\n",
       "    <tr>\n",
       "      <th>Minutes</th>\n",
       "      <td>-0.105153</td>\n",
       "      <td>0.611797</td>\n",
       "      <td>-0.008495</td>\n",
       "      <td>0.693423</td>\n",
       "      <td>1.000000</td>\n",
       "      <td>0.534992</td>\n",
       "      <td>0.232841</td>\n",
       "      <td>-0.278158</td>\n",
       "      <td>-0.130930</td>\n",
       "      <td>-0.201730</td>\n",
       "      <td>0.392331</td>\n",
       "      <td>0.187746</td>\n",
       "      <td>-0.231991</td>\n",
       "      <td>-0.223450</td>\n",
       "      <td>0.488277</td>\n",
       "      <td>0.342399</td>\n",
       "      <td>-0.021149</td>\n",
       "      <td>0.659934</td>\n",
       "      <td>0.667533</td>\n",
       "      <td>0.741903</td>\n",
       "    </tr>\n",
       "    <tr>\n",
       "      <th>PER</th>\n",
       "      <td>-0.105587</td>\n",
       "      <td>0.673514</td>\n",
       "      <td>0.096833</td>\n",
       "      <td>0.193910</td>\n",
       "      <td>0.534992</td>\n",
       "      <td>1.000000</td>\n",
       "      <td>0.499589</td>\n",
       "      <td>0.112426</td>\n",
       "      <td>0.330422</td>\n",
       "      <td>0.264837</td>\n",
       "      <td>0.378827</td>\n",
       "      <td>0.157765</td>\n",
       "      <td>0.092814</td>\n",
       "      <td>-0.189324</td>\n",
       "      <td>0.748517</td>\n",
       "      <td>0.592463</td>\n",
       "      <td>-0.301996</td>\n",
       "      <td>0.824394</td>\n",
       "      <td>0.586922</td>\n",
       "      <td>0.840287</td>\n",
       "    </tr>\n",
       "    <tr>\n",
       "      <th>TS</th>\n",
       "      <td>0.027501</td>\n",
       "      <td>0.215776</td>\n",
       "      <td>0.225454</td>\n",
       "      <td>0.203294</td>\n",
       "      <td>0.232841</td>\n",
       "      <td>0.499589</td>\n",
       "      <td>1.000000</td>\n",
       "      <td>0.041078</td>\n",
       "      <td>0.000595</td>\n",
       "      <td>0.023403</td>\n",
       "      <td>-0.015854</td>\n",
       "      <td>0.045326</td>\n",
       "      <td>0.134710</td>\n",
       "      <td>-0.027293</td>\n",
       "      <td>0.037956</td>\n",
       "      <td>0.859062</td>\n",
       "      <td>-0.100024</td>\n",
       "      <td>0.607049</td>\n",
       "      <td>0.214225</td>\n",
       "      <td>0.543423</td>\n",
       "    </tr>\n",
       "    <tr>\n",
       "      <th>ORB</th>\n",
       "      <td>-0.064495</td>\n",
       "      <td>-0.051990</td>\n",
       "      <td>-0.074907</td>\n",
       "      <td>-0.023049</td>\n",
       "      <td>-0.278158</td>\n",
       "      <td>0.112426</td>\n",
       "      <td>0.041078</td>\n",
       "      <td>1.000000</td>\n",
       "      <td>0.751727</td>\n",
       "      <td>0.902180</td>\n",
       "      <td>-0.503709</td>\n",
       "      <td>-0.351344</td>\n",
       "      <td>0.638935</td>\n",
       "      <td>0.110573</td>\n",
       "      <td>-0.175818</td>\n",
       "      <td>0.085291</td>\n",
       "      <td>-0.479261</td>\n",
       "      <td>-0.085952</td>\n",
       "      <td>0.116065</td>\n",
       "      <td>-0.027911</td>\n",
       "    </tr>\n",
       "    <tr>\n",
       "      <th>DRB</th>\n",
       "      <td>-0.048178</td>\n",
       "      <td>0.170403</td>\n",
       "      <td>0.052825</td>\n",
       "      <td>-0.063902</td>\n",
       "      <td>-0.130930</td>\n",
       "      <td>0.330422</td>\n",
       "      <td>0.000595</td>\n",
       "      <td>0.751727</td>\n",
       "      <td>1.000000</td>\n",
       "      <td>0.961952</td>\n",
       "      <td>-0.383257</td>\n",
       "      <td>-0.327708</td>\n",
       "      <td>0.601397</td>\n",
       "      <td>-0.035806</td>\n",
       "      <td>0.111180</td>\n",
       "      <td>-0.005786</td>\n",
       "      <td>-0.571170</td>\n",
       "      <td>0.055478</td>\n",
       "      <td>0.297921</td>\n",
       "      <td>0.143854</td>\n",
       "    </tr>\n",
       "    <tr>\n",
       "      <th>TRB</th>\n",
       "      <td>-0.057413</td>\n",
       "      <td>0.092445</td>\n",
       "      <td>0.007839</td>\n",
       "      <td>-0.050916</td>\n",
       "      <td>-0.201730</td>\n",
       "      <td>0.264837</td>\n",
       "      <td>0.023403</td>\n",
       "      <td>0.902180</td>\n",
       "      <td>0.961952</td>\n",
       "      <td>1.000000</td>\n",
       "      <td>-0.456938</td>\n",
       "      <td>-0.361470</td>\n",
       "      <td>0.655891</td>\n",
       "      <td>0.024596</td>\n",
       "      <td>0.003007</td>\n",
       "      <td>0.034418</td>\n",
       "      <td>-0.581209</td>\n",
       "      <td>0.005250</td>\n",
       "      <td>0.249540</td>\n",
       "      <td>0.088377</td>\n",
       "    </tr>\n",
       "    <tr>\n",
       "      <th>AST</th>\n",
       "      <td>0.114556</td>\n",
       "      <td>0.318344</td>\n",
       "      <td>0.077936</td>\n",
       "      <td>0.029495</td>\n",
       "      <td>0.392331</td>\n",
       "      <td>0.378827</td>\n",
       "      <td>-0.015854</td>\n",
       "      <td>-0.503709</td>\n",
       "      <td>-0.383257</td>\n",
       "      <td>-0.456938</td>\n",
       "      <td>1.000000</td>\n",
       "      <td>0.459259</td>\n",
       "      <td>-0.449369</td>\n",
       "      <td>0.356949</td>\n",
       "      <td>0.422672</td>\n",
       "      <td>0.100252</td>\n",
       "      <td>0.141061</td>\n",
       "      <td>0.357014</td>\n",
       "      <td>0.207036</td>\n",
       "      <td>0.347532</td>\n",
       "    </tr>\n",
       "    <tr>\n",
       "      <th>STL</th>\n",
       "      <td>0.069700</td>\n",
       "      <td>0.181816</td>\n",
       "      <td>-0.014072</td>\n",
       "      <td>-0.034163</td>\n",
       "      <td>0.187746</td>\n",
       "      <td>0.157765</td>\n",
       "      <td>0.045326</td>\n",
       "      <td>-0.351344</td>\n",
       "      <td>-0.327708</td>\n",
       "      <td>-0.361470</td>\n",
       "      <td>0.459259</td>\n",
       "      <td>1.000000</td>\n",
       "      <td>-0.299907</td>\n",
       "      <td>0.257025</td>\n",
       "      <td>0.046443</td>\n",
       "      <td>0.065501</td>\n",
       "      <td>-0.079040</td>\n",
       "      <td>0.120977</td>\n",
       "      <td>0.207351</td>\n",
       "      <td>0.166679</td>\n",
       "    </tr>\n",
       "    <tr>\n",
       "      <th>BLK</th>\n",
       "      <td>0.051730</td>\n",
       "      <td>-0.045161</td>\n",
       "      <td>-0.031766</td>\n",
       "      <td>-0.085214</td>\n",
       "      <td>-0.231991</td>\n",
       "      <td>0.092814</td>\n",
       "      <td>0.134710</td>\n",
       "      <td>0.638935</td>\n",
       "      <td>0.601397</td>\n",
       "      <td>0.655891</td>\n",
       "      <td>-0.449369</td>\n",
       "      <td>-0.299907</td>\n",
       "      <td>1.000000</td>\n",
       "      <td>0.112226</td>\n",
       "      <td>-0.190337</td>\n",
       "      <td>0.029855</td>\n",
       "      <td>-0.489644</td>\n",
       "      <td>-0.118632</td>\n",
       "      <td>0.147096</td>\n",
       "      <td>-0.043276</td>\n",
       "    </tr>\n",
       "    <tr>\n",
       "      <th>TOV</th>\n",
       "      <td>0.234234</td>\n",
       "      <td>-0.114701</td>\n",
       "      <td>0.063663</td>\n",
       "      <td>-0.185097</td>\n",
       "      <td>-0.223450</td>\n",
       "      <td>-0.189324</td>\n",
       "      <td>-0.027293</td>\n",
       "      <td>0.110573</td>\n",
       "      <td>-0.035806</td>\n",
       "      <td>0.024596</td>\n",
       "      <td>0.356949</td>\n",
       "      <td>0.257025</td>\n",
       "      <td>0.112226</td>\n",
       "      <td>1.000000</td>\n",
       "      <td>-0.307509</td>\n",
       "      <td>-0.217901</td>\n",
       "      <td>-0.116389</td>\n",
       "      <td>-0.210482</td>\n",
       "      <td>-0.066357</td>\n",
       "      <td>-0.187288</td>\n",
       "    </tr>\n",
       "    <tr>\n",
       "      <th>USG</th>\n",
       "      <td>-0.162543</td>\n",
       "      <td>0.623007</td>\n",
       "      <td>0.027000</td>\n",
       "      <td>0.116897</td>\n",
       "      <td>0.488277</td>\n",
       "      <td>0.748517</td>\n",
       "      <td>0.037956</td>\n",
       "      <td>-0.175818</td>\n",
       "      <td>0.111180</td>\n",
       "      <td>0.003007</td>\n",
       "      <td>0.422672</td>\n",
       "      <td>0.046443</td>\n",
       "      <td>-0.190337</td>\n",
       "      <td>-0.307509</td>\n",
       "      <td>1.000000</td>\n",
       "      <td>0.080968</td>\n",
       "      <td>-0.070244</td>\n",
       "      <td>0.526222</td>\n",
       "      <td>0.401492</td>\n",
       "      <td>0.546427</td>\n",
       "    </tr>\n",
       "    <tr>\n",
       "      <th>ORtg</th>\n",
       "      <td>-0.015822</td>\n",
       "      <td>0.253838</td>\n",
       "      <td>0.165410</td>\n",
       "      <td>0.270409</td>\n",
       "      <td>0.342399</td>\n",
       "      <td>0.592463</td>\n",
       "      <td>0.859062</td>\n",
       "      <td>0.085291</td>\n",
       "      <td>-0.005786</td>\n",
       "      <td>0.034418</td>\n",
       "      <td>0.100252</td>\n",
       "      <td>0.065501</td>\n",
       "      <td>0.029855</td>\n",
       "      <td>-0.217901</td>\n",
       "      <td>0.080968</td>\n",
       "      <td>1.000000</td>\n",
       "      <td>-0.058763</td>\n",
       "      <td>0.725627</td>\n",
       "      <td>0.268635</td>\n",
       "      <td>0.654064</td>\n",
       "    </tr>\n",
       "    <tr>\n",
       "      <th>DRtg</th>\n",
       "      <td>0.004529</td>\n",
       "      <td>-0.266395</td>\n",
       "      <td>-0.115971</td>\n",
       "      <td>-0.102491</td>\n",
       "      <td>-0.021149</td>\n",
       "      <td>-0.301996</td>\n",
       "      <td>-0.100024</td>\n",
       "      <td>-0.479261</td>\n",
       "      <td>-0.571170</td>\n",
       "      <td>-0.581209</td>\n",
       "      <td>0.141061</td>\n",
       "      <td>-0.079040</td>\n",
       "      <td>-0.489644</td>\n",
       "      <td>-0.116389</td>\n",
       "      <td>-0.070244</td>\n",
       "      <td>-0.058763</td>\n",
       "      <td>1.000000</td>\n",
       "      <td>-0.101273</td>\n",
       "      <td>-0.716683</td>\n",
       "      <td>-0.325970</td>\n",
       "    </tr>\n",
       "    <tr>\n",
       "      <th>OWS</th>\n",
       "      <td>-0.074750</td>\n",
       "      <td>0.595754</td>\n",
       "      <td>0.044261</td>\n",
       "      <td>0.377999</td>\n",
       "      <td>0.659934</td>\n",
       "      <td>0.824394</td>\n",
       "      <td>0.607049</td>\n",
       "      <td>-0.085952</td>\n",
       "      <td>0.055478</td>\n",
       "      <td>0.005250</td>\n",
       "      <td>0.357014</td>\n",
       "      <td>0.120977</td>\n",
       "      <td>-0.118632</td>\n",
       "      <td>-0.210482</td>\n",
       "      <td>0.526222</td>\n",
       "      <td>0.725627</td>\n",
       "      <td>-0.101273</td>\n",
       "      <td>1.000000</td>\n",
       "      <td>0.524000</td>\n",
       "      <td>0.955771</td>\n",
       "    </tr>\n",
       "    <tr>\n",
       "      <th>DWS</th>\n",
       "      <td>-0.086257</td>\n",
       "      <td>0.620679</td>\n",
       "      <td>0.078238</td>\n",
       "      <td>0.482495</td>\n",
       "      <td>0.667533</td>\n",
       "      <td>0.586922</td>\n",
       "      <td>0.214225</td>\n",
       "      <td>0.116065</td>\n",
       "      <td>0.297921</td>\n",
       "      <td>0.249540</td>\n",
       "      <td>0.207036</td>\n",
       "      <td>0.207351</td>\n",
       "      <td>0.147096</td>\n",
       "      <td>-0.066357</td>\n",
       "      <td>0.401492</td>\n",
       "      <td>0.268635</td>\n",
       "      <td>-0.716683</td>\n",
       "      <td>0.524000</td>\n",
       "      <td>1.000000</td>\n",
       "      <td>0.750972</td>\n",
       "    </tr>\n",
       "    <tr>\n",
       "      <th>WS</th>\n",
       "      <td>-0.091967</td>\n",
       "      <td>0.673790</td>\n",
       "      <td>0.060636</td>\n",
       "      <td>0.461121</td>\n",
       "      <td>0.741903</td>\n",
       "      <td>0.840287</td>\n",
       "      <td>0.543423</td>\n",
       "      <td>-0.027911</td>\n",
       "      <td>0.143854</td>\n",
       "      <td>0.088377</td>\n",
       "      <td>0.347532</td>\n",
       "      <td>0.166679</td>\n",
       "      <td>-0.043276</td>\n",
       "      <td>-0.187288</td>\n",
       "      <td>0.546427</td>\n",
       "      <td>0.654064</td>\n",
       "      <td>-0.325970</td>\n",
       "      <td>0.955771</td>\n",
       "      <td>0.750972</td>\n",
       "      <td>1.000000</td>\n",
       "    </tr>\n",
       "  </tbody>\n",
       "</table>\n",
       "</div>"
      ],
      "text/plain": [
       "          Train_ID    SALARY       Age     Games   Minutes       PER  \\\n",
       "Train_ID  1.000000  0.015614 -0.052276 -0.107212 -0.105153 -0.105587   \n",
       "SALARY    0.015614  1.000000  0.047127  0.178519  0.611797  0.673514   \n",
       "Age      -0.052276  0.047127  1.000000 -0.116049 -0.008495  0.096833   \n",
       "Games    -0.107212  0.178519 -0.116049  1.000000  0.693423  0.193910   \n",
       "Minutes  -0.105153  0.611797 -0.008495  0.693423  1.000000  0.534992   \n",
       "PER      -0.105587  0.673514  0.096833  0.193910  0.534992  1.000000   \n",
       "TS        0.027501  0.215776  0.225454  0.203294  0.232841  0.499589   \n",
       "ORB      -0.064495 -0.051990 -0.074907 -0.023049 -0.278158  0.112426   \n",
       "DRB      -0.048178  0.170403  0.052825 -0.063902 -0.130930  0.330422   \n",
       "TRB      -0.057413  0.092445  0.007839 -0.050916 -0.201730  0.264837   \n",
       "AST       0.114556  0.318344  0.077936  0.029495  0.392331  0.378827   \n",
       "STL       0.069700  0.181816 -0.014072 -0.034163  0.187746  0.157765   \n",
       "BLK       0.051730 -0.045161 -0.031766 -0.085214 -0.231991  0.092814   \n",
       "TOV       0.234234 -0.114701  0.063663 -0.185097 -0.223450 -0.189324   \n",
       "USG      -0.162543  0.623007  0.027000  0.116897  0.488277  0.748517   \n",
       "ORtg     -0.015822  0.253838  0.165410  0.270409  0.342399  0.592463   \n",
       "DRtg      0.004529 -0.266395 -0.115971 -0.102491 -0.021149 -0.301996   \n",
       "OWS      -0.074750  0.595754  0.044261  0.377999  0.659934  0.824394   \n",
       "DWS      -0.086257  0.620679  0.078238  0.482495  0.667533  0.586922   \n",
       "WS       -0.091967  0.673790  0.060636  0.461121  0.741903  0.840287   \n",
       "\n",
       "                TS       ORB       DRB       TRB       AST       STL  \\\n",
       "Train_ID  0.027501 -0.064495 -0.048178 -0.057413  0.114556  0.069700   \n",
       "SALARY    0.215776 -0.051990  0.170403  0.092445  0.318344  0.181816   \n",
       "Age       0.225454 -0.074907  0.052825  0.007839  0.077936 -0.014072   \n",
       "Games     0.203294 -0.023049 -0.063902 -0.050916  0.029495 -0.034163   \n",
       "Minutes   0.232841 -0.278158 -0.130930 -0.201730  0.392331  0.187746   \n",
       "PER       0.499589  0.112426  0.330422  0.264837  0.378827  0.157765   \n",
       "TS        1.000000  0.041078  0.000595  0.023403 -0.015854  0.045326   \n",
       "ORB       0.041078  1.000000  0.751727  0.902180 -0.503709 -0.351344   \n",
       "DRB       0.000595  0.751727  1.000000  0.961952 -0.383257 -0.327708   \n",
       "TRB       0.023403  0.902180  0.961952  1.000000 -0.456938 -0.361470   \n",
       "AST      -0.015854 -0.503709 -0.383257 -0.456938  1.000000  0.459259   \n",
       "STL       0.045326 -0.351344 -0.327708 -0.361470  0.459259  1.000000   \n",
       "BLK       0.134710  0.638935  0.601397  0.655891 -0.449369 -0.299907   \n",
       "TOV      -0.027293  0.110573 -0.035806  0.024596  0.356949  0.257025   \n",
       "USG       0.037956 -0.175818  0.111180  0.003007  0.422672  0.046443   \n",
       "ORtg      0.859062  0.085291 -0.005786  0.034418  0.100252  0.065501   \n",
       "DRtg     -0.100024 -0.479261 -0.571170 -0.581209  0.141061 -0.079040   \n",
       "OWS       0.607049 -0.085952  0.055478  0.005250  0.357014  0.120977   \n",
       "DWS       0.214225  0.116065  0.297921  0.249540  0.207036  0.207351   \n",
       "WS        0.543423 -0.027911  0.143854  0.088377  0.347532  0.166679   \n",
       "\n",
       "               BLK       TOV       USG      ORtg      DRtg       OWS  \\\n",
       "Train_ID  0.051730  0.234234 -0.162543 -0.015822  0.004529 -0.074750   \n",
       "SALARY   -0.045161 -0.114701  0.623007  0.253838 -0.266395  0.595754   \n",
       "Age      -0.031766  0.063663  0.027000  0.165410 -0.115971  0.044261   \n",
       "Games    -0.085214 -0.185097  0.116897  0.270409 -0.102491  0.377999   \n",
       "Minutes  -0.231991 -0.223450  0.488277  0.342399 -0.021149  0.659934   \n",
       "PER       0.092814 -0.189324  0.748517  0.592463 -0.301996  0.824394   \n",
       "TS        0.134710 -0.027293  0.037956  0.859062 -0.100024  0.607049   \n",
       "ORB       0.638935  0.110573 -0.175818  0.085291 -0.479261 -0.085952   \n",
       "DRB       0.601397 -0.035806  0.111180 -0.005786 -0.571170  0.055478   \n",
       "TRB       0.655891  0.024596  0.003007  0.034418 -0.581209  0.005250   \n",
       "AST      -0.449369  0.356949  0.422672  0.100252  0.141061  0.357014   \n",
       "STL      -0.299907  0.257025  0.046443  0.065501 -0.079040  0.120977   \n",
       "BLK       1.000000  0.112226 -0.190337  0.029855 -0.489644 -0.118632   \n",
       "TOV       0.112226  1.000000 -0.307509 -0.217901 -0.116389 -0.210482   \n",
       "USG      -0.190337 -0.307509  1.000000  0.080968 -0.070244  0.526222   \n",
       "ORtg      0.029855 -0.217901  0.080968  1.000000 -0.058763  0.725627   \n",
       "DRtg     -0.489644 -0.116389 -0.070244 -0.058763  1.000000 -0.101273   \n",
       "OWS      -0.118632 -0.210482  0.526222  0.725627 -0.101273  1.000000   \n",
       "DWS       0.147096 -0.066357  0.401492  0.268635 -0.716683  0.524000   \n",
       "WS       -0.043276 -0.187288  0.546427  0.654064 -0.325970  0.955771   \n",
       "\n",
       "               DWS        WS  \n",
       "Train_ID -0.086257 -0.091967  \n",
       "SALARY    0.620679  0.673790  \n",
       "Age       0.078238  0.060636  \n",
       "Games     0.482495  0.461121  \n",
       "Minutes   0.667533  0.741903  \n",
       "PER       0.586922  0.840287  \n",
       "TS        0.214225  0.543423  \n",
       "ORB       0.116065 -0.027911  \n",
       "DRB       0.297921  0.143854  \n",
       "TRB       0.249540  0.088377  \n",
       "AST       0.207036  0.347532  \n",
       "STL       0.207351  0.166679  \n",
       "BLK       0.147096 -0.043276  \n",
       "TOV      -0.066357 -0.187288  \n",
       "USG       0.401492  0.546427  \n",
       "ORtg      0.268635  0.654064  \n",
       "DRtg     -0.716683 -0.325970  \n",
       "OWS       0.524000  0.955771  \n",
       "DWS       1.000000  0.750972  \n",
       "WS        0.750972  1.000000  "
      ]
     },
     "execution_count": 1,
     "metadata": {},
     "output_type": "execute_result"
    }
   ],
   "source": [
    "import numpy as np\n",
    "import pandas as pd\n",
    "import matplotlib.pyplot as plt\n",
    "\n",
    "data = pd.read_csv(\"NBA_train.csv\")\n",
    "data.corr()"
   ]
  },
  {
   "cell_type": "code",
   "execution_count": 2,
   "metadata": {},
   "outputs": [
    {
     "data": {
      "text/plain": [
       "SALARY      1.000000\n",
       "WS          0.673790\n",
       "PER         0.673514\n",
       "USG         0.623007\n",
       "DWS         0.620679\n",
       "Minutes     0.611797\n",
       "OWS         0.595754\n",
       "AST         0.318344\n",
       "DRtg        0.266395\n",
       "ORtg        0.253838\n",
       "TS          0.215776\n",
       "STL         0.181816\n",
       "Games       0.178519\n",
       "DRB         0.170403\n",
       "TOV         0.114701\n",
       "TRB         0.092445\n",
       "ORB         0.051990\n",
       "Age         0.047127\n",
       "BLK         0.045161\n",
       "Train_ID    0.015614\n",
       "Name: SALARY, dtype: float64"
      ]
     },
     "execution_count": 2,
     "metadata": {},
     "output_type": "execute_result"
    }
   ],
   "source": [
    "data.corr()[\"SALARY\"].abs().sort_values(ascending=False)"
   ]
  },
  {
   "cell_type": "code",
   "execution_count": 3,
   "metadata": {},
   "outputs": [
    {
     "data": {
      "text/plain": [
       "127"
      ]
     },
     "execution_count": 3,
     "metadata": {},
     "output_type": "execute_result"
    }
   ],
   "source": [
    "X = data[[\"WS\",\"PER\",\"USG\",\"DWS\",\"Minutes\",\"OWS\"]]\n",
    "y = data[\"SALARY\"]\n",
    "len(y)\n"
   ]
  },
  {
   "cell_type": "code",
   "execution_count": 4,
   "metadata": {},
   "outputs": [
    {
     "name": "stderr",
     "output_type": "stream",
     "text": [
      "/Users/apple/anaconda3/lib/python3.6/site-packages/sklearn/preprocessing/data.py:645: DataConversionWarning: Data with input dtype int64, float64 were all converted to float64 by StandardScaler.\n",
      "  return self.partial_fit(X, y)\n",
      "/Users/apple/anaconda3/lib/python3.6/site-packages/sklearn/base.py:464: DataConversionWarning: Data with input dtype int64, float64 were all converted to float64 by StandardScaler.\n",
      "  return self.fit(X, **fit_params).transform(X)\n"
     ]
    },
    {
     "data": {
      "text/plain": [
       "array([[-8.24058879e-01, -1.09527461e+00, -6.64405230e-02,\n",
       "        -8.87340719e-01, -4.33448388e-01, -6.64200123e-01],\n",
       "       [-9.42547956e-01, -5.82678753e-01,  7.63189701e-01,\n",
       "        -1.31485313e+00, -9.90066379e-01, -6.64200123e-01],\n",
       "       [ 3.31209626e-01,  2.32814653e-01,  6.62015283e-01,\n",
       "        -7.16335755e-01,  1.06756002e+00,  7.48690949e-01],\n",
       "       [-4.38969377e-01,  1.39615407e-01,  1.44990110e-02,\n",
       "         2.24191547e-01, -7.55399668e-01, -7.02386368e-01],\n",
       "       [-4.68591647e-01,  6.97159718e-02,  7.02485050e-01,\n",
       "        -5.45330791e-01, -4.63497174e-01, -3.96896407e-01],\n",
       "       [ 1.69383402e+00,  1.77060222e+00, -6.73487028e-01,\n",
       "         1.42122630e+00,  1.16342996e+00,  1.55060210e+00],\n",
       "       [ 1.96043444e+00,  1.18810693e+00,  1.67375946e+00,\n",
       "         3.90079827e+00,  1.56264955e+00,  7.86877194e-01],\n",
       "       [-1.17952611e+00, -1.93406783e+00, -9.36540514e-01,\n",
       "        -1.31485313e+00, -2.01887958e+00, -9.69690084e-01],\n",
       "       [-2.61235761e-01, -3.72980449e-01,  1.44990110e-02,\n",
       "        -3.23158987e-02, -3.83367078e-01, -3.58710161e-01],\n",
       "       [ 6.27432319e-01,  9.31809002e-01,  5.40605982e-01,\n",
       "        -2.88823345e-01,  5.95364813e-01,  9.39622175e-01],\n",
       "       [-6.46325263e-01,  6.05611639e-01,  2.16847846e-01,\n",
       "        -8.01838237e-01, -1.66544862e+00, -4.73268897e-01],\n",
       "       [-5.57458455e-01, -8.15676870e-01, -4.50903310e-01,\n",
       "        -3.74325827e-01,  6.38291651e-01, -5.49641387e-01],\n",
       "       [ 1.07176636e+00,  1.79390203e+00,  1.87610829e+00,\n",
       "         2.44725608e+00,  1.06899092e+00,  2.90456007e-01],\n",
       "       [-3.50102569e-01, -1.86581956e-01, -9.97245165e-01,\n",
       "        -3.74325827e-01, -1.18466804e+00, -2.44151426e-01],\n",
       "       [-6.75947532e-01, -9.55475739e-01, -8.35366097e-01,\n",
       "        -8.01838237e-01,  7.19852642e-01, -5.49641387e-01],\n",
       "       [-1.06103703e+00, -1.18847386e+00, -1.47380057e-01,\n",
       "        -7.16335755e-01, -9.04212704e-01, -1.04606257e+00],\n",
       "       [ 6.46092016e-02,  1.00170844e+00, -6.64405230e-02,\n",
       "        -4.59828309e-01, -4.37741072e-01,  2.90456007e-01],\n",
       "       [ 3.01587356e-01, -5.36079130e-01, -7.13956795e-01,\n",
       "         7.37206439e-01,  1.14912102e+00,  2.31522904e-02],\n",
       "       [-1.13124414e-01, -9.78775551e-01, -5.52077727e-01,\n",
       "         1.25022133e+00,  4.43689988e-01, -7.40572613e-01],\n",
       "       [-7.05569801e-01, -6.52578188e-01,  1.44990110e-02,\n",
       "        -5.45330791e-01, -5.53643533e-01, -6.64200123e-01],\n",
       "       [-8.53681148e-01,  1.16315595e-01,  1.14765249e+00,\n",
       "         2.24191547e-01,  8.70096572e-01, -1.19880756e+00],\n",
       "       [ 1.93081217e+00,  2.18999883e+00,  2.50338968e+00,\n",
       "         5.66201475e-01,  1.68284469e+00,  2.19976827e+00],\n",
       "       [ 9.23655013e-01,  9.55108813e-01, -3.49728892e-01,\n",
       "         7.37206439e-01,  3.89315994e-01,  8.63249684e-01],\n",
       "       [ 4.44870506e+00,  3.44818866e+00,  2.62479898e+00,\n",
       "         2.19074863e+00,  1.88316993e+00,  4.75824669e+00],\n",
       "       [-5.87080724e-01, -5.59378942e-01, -8.35366097e-01,\n",
       "        -9.72843201e-01, -7.06749253e-01, -3.20523916e-01],\n",
       "       [-3.79724839e-01, -8.85576304e-01, -1.68523120e+00,\n",
       "         5.31865833e-02, -8.71302129e-01, -5.49641387e-01],\n",
       "       [ 3.31209626e-01, -4.19580072e-01, -5.52077727e-01,\n",
       "         4.80698993e-01,  7.24145325e-01,  2.14083516e-01],\n",
       "       [ 2.42342818e-01, -8.15676870e-01, -1.07818470e+00,\n",
       "        -1.17818381e-01,  5.02356666e-01,  3.66828497e-01],\n",
       "       [ 6.57054588e-01,  7.68710320e-01,  1.22859202e+00,\n",
       "         1.42122630e+00,  1.28648689e+00,  2.14083516e-01],\n",
       "       [-5.87080724e-01, -4.89479507e-01, -3.69963776e-01,\n",
       "        -6.30833273e-01,  3.02031425e-01, -4.73268897e-01],\n",
       "       [ 1.83098279e-01,  7.68710320e-01,  1.53211527e+00,\n",
       "         5.66201475e-01,  1.03751124e+00, -1.50339548e-02],\n",
       "       [ 1.99005671e+00,  2.00360034e+00,  1.39047109e+00,\n",
       "         3.95196511e-01,  1.17630801e+00,  2.39069949e+00],\n",
       "       [-3.79724839e-01, -2.33181579e-01, -6.73487028e-01,\n",
       "        -7.16335755e-01, -1.88765415e-01, -1.67778936e-01],\n",
       "       [ 4.49698703e-01,  1.16480712e+00,  9.45303653e-01,\n",
       "         4.80698993e-01, -3.66196343e-01,  3.66828497e-01],\n",
       "       [-3.50102569e-01,  1.00170844e+00,  1.28929667e+00,\n",
       "        -1.17818381e-01,  1.11722446e-01, -3.96896407e-01],\n",
       "       [ 3.49869323e-02,  2.09514841e-01,  6.21545516e-01,\n",
       "        -4.59828309e-01,  2.39072063e-01,  2.52269761e-01],\n",
       "       [-5.38798757e-02, -9.33827095e-02, -7.74661446e-01,\n",
       "         8.22708921e-01,  2.26194012e-01, -4.35082652e-01],\n",
       "       [ 4.20076434e-01,  7.45410509e-01,  3.38257147e-01,\n",
       "         1.07921637e+00,  2.34779380e-01,  9.95247807e-02],\n",
       "       [-5.27836185e-01, -2.56481391e-01, -1.27145174e-01,\n",
       "        -1.31485313e+00, -5.43627271e-01, -9.14064452e-02],\n",
       "       [ 4.49698703e-01, -2.34832747e-02, -5.11607960e-01,\n",
       "         3.95196511e-01,  1.12765760e+00,  4.05014742e-01],\n",
       "       [-4.98213916e-01,  2.32814653e-01,  3.98961798e-01,\n",
       "        -8.01838237e-01, -1.17608267e+00, -3.20523916e-01],\n",
       "       [ 1.23853740e-01, -3.96280261e-01, -2.48554475e-01,\n",
       "        -4.59828309e-01,  9.71690087e-01,  3.66828497e-01],\n",
       "       [-7.64814340e-01, -2.79781202e-01,  2.57317613e-01,\n",
       "        -8.87340719e-01, -4.69220753e-01, -5.49641387e-01],\n",
       "       [-1.00179249e+00, -5.36079130e-01, -5.72312611e-01,\n",
       "        -1.31485313e+00, -1.66401773e+00, -7.02386368e-01],\n",
       "       [-1.00179249e+00, -1.70106971e+00, -6.33017261e-01,\n",
       "        -8.01838237e-01,  5.45283503e-01, -9.31503839e-01],\n",
       "       [-1.72368953e-01, -7.45777435e-01, -1.70546609e+00,\n",
       "        -2.03320863e-01, -6.48082575e-01, -1.29592690e-01],\n",
       "       [-1.06103703e+00, -1.23507348e+00, -1.67614941e-01,\n",
       "        -1.05834568e+00, -1.88151370e+00, -9.31503839e-01],\n",
       "       [-7.64814340e-01, -2.33181579e-01,  1.39047109e+00,\n",
       "        -4.59828309e-01,  3.80730627e-01, -7.78758858e-01],\n",
       "       [ 3.60831895e-01, -3.49680637e-01, -1.27145174e-01,\n",
       "         2.70376353e+00,  8.62942099e-01, -7.02386368e-01],\n",
       "       [ 5.08943242e-01,  2.79414276e-01, -6.64405230e-02,\n",
       "         1.38689065e-01,  3.76437943e-01,  5.57759723e-01],\n",
       "       [ 2.99721387e+00,  2.77249412e+00,  1.77493388e+00,\n",
       "         1.59223126e+00,  1.41812920e+00,  3.15442440e+00],\n",
       "       [-1.26839292e+00, -1.56127084e+00, -5.31842844e-01,\n",
       "        -1.31485313e+00, -1.88437549e+00, -1.04606257e+00],\n",
       "       [ 9.42314710e-02, -7.00828979e-02, -1.87849824e-01,\n",
       "        -9.72843201e-01,  1.07328360e+00,  5.57759723e-01],\n",
       "       [-6.16702993e-01,  4.64161601e-02,  1.08694784e+00,\n",
       "        -2.88823345e-01, -1.17894446e+00, -6.64200123e-01],\n",
       "       [-1.00179249e+00, -2.02726707e+00, -1.72570097e+00,\n",
       "        -1.17818381e-01, -8.56993183e-01, -1.23699380e+00],\n",
       "       [-2.42576064e-02,  7.45410509e-01, -2.08084708e-01,\n",
       "        -3.23158987e-02, -6.15172000e-01, -1.50339548e-02],\n",
       "       [ 1.53476010e-01, -2.79781202e-01, -6.12782378e-01,\n",
       "         5.31865833e-02,  2.39072063e-01,  1.75897271e-01],\n",
       "       [-7.64814340e-01, -2.09881768e-01, -6.64405230e-02,\n",
       "        -5.45330791e-01, -1.33491197e+00, -7.40572613e-01],\n",
       "       [ 3.49869323e-02,  3.49313711e-01, -4.71138193e-01,\n",
       "         2.24191547e-01, -7.65415930e-01, -1.50339548e-02],\n",
       "       [ 7.45921397e-01,  1.18810693e+00,  1.65352458e+00,\n",
       "         2.24191547e-01,  9.87429928e-01,  8.63249684e-01],\n",
       "       [-2.90858030e-01,  3.72613523e-01,  8.03659468e-01,\n",
       "         4.80698993e-01, -3.51887397e-01, -5.87827633e-01],\n",
       "       [-5.87080724e-01, -7.45777435e-01,  9.54385451e-02,\n",
       "        -5.45330791e-01,  4.01777170e-02, -5.11455142e-01],\n",
       "       [ 5.08943242e-01, -3.49680637e-01, -1.17935912e+00,\n",
       "         1.38689065e-01,  8.61511205e-01,  5.95945968e-01],\n",
       "       [-1.20914838e+00, -8.85576304e-01,  6.01310633e-01,\n",
       "        -1.57136057e+00, -6.58098837e-01, -8.93317594e-01],\n",
       "       [ 2.73061344e+00,  2.12009939e+00,  1.67375946e+00,\n",
       "         1.84873871e+00,  1.48824303e+00,  2.65800321e+00],\n",
       "       [ 1.01252182e+00,  9.55108813e-01,  8.64364119e-01,\n",
       "         1.42122630e+00,  6.89803855e-01,  6.72318458e-01],\n",
       "       [ 1.13101090e+00,  1.86215030e-01, -4.50903310e-01,\n",
       "         1.59223126e+00,  1.31224300e+00,  7.48690949e-01],\n",
       "       [ 5.08943242e-01,  9.30157834e-02, -7.34191679e-01,\n",
       "         1.50672878e+00,  1.19061696e+00, -5.32202000e-02],\n",
       "       [-4.98213916e-01, -2.34832747e-02,  6.41780400e-01,\n",
       "        -1.14384816e+00,  3.59267208e-01, -1.29592690e-01],\n",
       "       [-8.24058879e-01, -1.00207536e+00, -4.50903310e-01,\n",
       "        -7.16335755e-01, -1.22187130e+00, -7.78758858e-01],\n",
       "       [ 1.13101090e+00,  1.46770467e+00,  8.03659468e-01,\n",
       "         1.93424119e+00,  8.44340470e-01,  6.34132213e-01],\n",
       "       [-1.14990384e+00, -1.37487235e+00, -4.30668426e-01,\n",
       "        -8.87340719e-01, -1.48515590e+00, -1.04606257e+00],\n",
       "       [ 2.71965087e-01,  4.19213146e-01,  1.16788737e+00,\n",
       "         1.25022133e+00,  1.15627549e+00, -2.05965181e-01],\n",
       "       [-4.68591647e-01, -8.15676870e-01, -7.74661446e-01,\n",
       "        -4.59828309e-01,  2.01451930e-02, -3.96896407e-01],\n",
       "       [-5.87080724e-01, -5.82678753e-01,  9.54385451e-02,\n",
       "        -8.01838237e-01, -3.56180081e-01, -3.96896407e-01],\n",
       "       [ 3.49869323e-02, -1.83463084e-04, -1.13888935e+00,\n",
       "         1.38689065e-01, -3.61903659e-01, -1.50339548e-02],\n",
       "       [-2.31613492e-01, -4.66179695e-01, -2.17086841e+00,\n",
       "        -8.01838237e-01, -7.48245195e-01,  6.13385356e-02],\n",
       "       [-4.38969377e-01, -5.82678753e-01, -1.87849824e-01,\n",
       "        -8.87340719e-01,  9.35917723e-01, -1.67778936e-01],\n",
       "       [ 3.49869323e-02,  2.32814653e-01,  5.40605982e-01,\n",
       "        -5.45330791e-01,  5.83917657e-01,  2.90456007e-01],\n",
       "       [-4.98213916e-01,  2.32814653e-01,  1.37023621e+00,\n",
       "        -1.31485313e+00,  5.83624718e-03, -1.50339548e-02],\n",
       "       [-4.98213916e-01, -3.72980449e-01,  7.63189701e-01,\n",
       "         8.22708921e-01, -5.82261424e-01, -1.04606257e+00],\n",
       "       [ 6.86676858e-01, -2.79781202e-01, -1.34123818e+00,\n",
       "         9.93713885e-01,  7.92828265e-01,  4.43200987e-01],\n",
       "       [-7.94436609e-01, -1.16682521e-01,  4.79901332e-01,\n",
       "        -9.72843201e-01, -7.85448454e-01, -5.87827633e-01],\n",
       "       [ 9.82899551e-01,  1.58420373e+00,  1.97728271e+00,\n",
       "         1.42122630e+00,  9.90291717e-01,  6.34132213e-01],\n",
       "       [-7.94436609e-01, -1.14187423e+00, -1.46264749e+00,\n",
       "        -8.87340719e-01, -1.49087948e+00, -6.26013878e-01],\n",
       "       [ 9.42314710e-02,  4.64161601e-02,  4.59666448e-01,\n",
       "         3.95196511e-01,  5.82486762e-01, -5.32202000e-02],\n",
       "       [ 5.38565511e-01,  8.15309943e-01, -1.26029865e+00,\n",
       "         3.09694029e-01, -5.86554108e-01,  5.57759723e-01],\n",
       "       [ 3.47117018e+00,  3.33168960e+00,  2.22010131e+00,\n",
       "         1.59223126e+00,  1.56837313e+00,  3.80359056e+00],\n",
       "       [-3.20480300e-01,  7.92010132e-01,  1.43094086e+00,\n",
       "        -4.59828309e-01,  3.17771265e-01, -2.05965181e-01],\n",
       "       [ 2.55287983e+00,  1.98030052e+00,  1.57258504e+00,\n",
       "         7.37206439e-01,  1.38951130e+00,  2.96349317e+00],\n",
       "       [-8.53681148e-01, -1.16517404e+00, -1.70546609e+00,\n",
       "        -2.03320863e-01, -5.57936217e-01, -1.00787633e+00],\n",
       "       [ 5.36466295e-03, -2.56481391e-01, -6.73487028e-01,\n",
       "         8.22708921e-01, -2.21675991e-01, -3.58710161e-01],\n",
       "       [ 3.90454164e-01,  1.63080335e+00,  1.59281992e+00,\n",
       "         1.38689065e-01, -4.42450631e-02,  4.43200987e-01],\n",
       "       [-8.53681148e-01, -7.22477623e-01, -1.72570097e+00,\n",
       "        -1.05834568e+00, -1.89439175e+00, -6.26013878e-01],\n",
       "       [ 1.60496721e+00,  8.38609755e-01,  1.00600830e+00,\n",
       "        -3.23158987e-02,  1.61845444e+00,  2.08520953e+00],\n",
       "       [ 2.12720548e-01, -2.09881768e-01, -6.12782378e-01,\n",
       "         6.51703957e-01,  2.40502958e-01, -1.50339548e-02],\n",
